1722767736821 0.10579814016819 0
1722767736824 0.12297780811786652 1
1722767736834 0.12440945208072662 2
1722767736834 0.12927702069282532 3
1722767736851 0.12397995591163635 4
1722767736854 0.12684322893619537 5
1722767736866 0.12211882323026657 6
1722767736867 0.12140300869941711 7
1722767736867 0.12369363009929657 8
1722767736884 0.12755905091762543 9
1722767736884 0.1278453767299652 10
1722767736884 0.13686470687389374 11
1722767736904 0.13214029371738434 12
1722767736904 0.1435934156179428 13
1722767736918 0.14502505958080292 14
1722767736921 0.1613457351922989 15
1722767736921 0.16678597033023834 16
1722767736938 0.17637795209884644 17
1722767736946 0.18095919489860535 18
1722767736951 0.18854688107967377 19
1722767736951 0.19226914644241333 20
1722767736959 0.19928418099880219 21
1722767736970 0.20787401497364044 22
1722767736970 0.20128847658634186 23
1722767736983 0.21517537534236908 24
1722767736984 0.21288475394248962 25
1722767736984 0.225769504904747 26
1722767737001 0.22390837967395782 27
1722767737003 0.23321403563022614 28
1722767737003 0.2478167563676834 29
1722767737017 0.2556907534599304 30
1722767737017 0.2717251181602478 31
1722767737017 0.27916964888572693 32
1722767737034 0.2942018508911133 33
1722767737034 0.2987830936908722 34
1722767737034 0.31796708703041077 35
1722767737050 0.3288475275039673 36
1722767737051 0.33285611867904663 37
1722767737051 0.3384395241737366 38
1722767737051 0.34645670652389526 39
1722767737067 0.34803149104118347 40
1722767737067 0.35433071851730347 41
1722767737067 0.36249104142189026 42
1722767737084 0.36120256781578064 43
1722767737084 0.36077308654785156 44
1722767737084 0.37523263692855835 45
1722767737101 0.37823909521102905 46
1722767737101 0.37809592485427856 47
1722767737101 0.37809592485427856 48
1722767737101 0.3839656412601471 49
1722767737117 0.3858267664909363 50
1722767737117 0.3899785280227661 51
1722767737117 0.4010021388530731 52
1722767737135 0.40816032886505127 53
1722767737135 0.4173228442668915 54
1722767737144 0.41975662112236023 55
1722767737151 0.4357909858226776 56
1722767737151 0.43836793303489685 57
1722767737165 0.451825350522995 58
1722767737169 0.46170365810394287 59
1722767737169 0.4784538149833679 60
1722767737169 0.4773085117340088 61
1722767737184 0.48546886444091797 62
1722767737189 0.503078043460846 63
1722767737191 0.5039370059967041 64
1722767737200 0.5162491202354431 65
1722767737200 0.5163922905921936 66
1722767737200 0.5143879652023315 67
1722767737200 0.5185397267341614 68
1722767737217 0.5378668308258057 69
1722767737217 0.5328561067581177 70
1722767737217 0.5411596298217773 71
1722767737234 0.5478883385658264 72
1722767737234 0.5488904714584351 73
1722767737244 0.5493199825286865 74
1722767737244 0.554473876953125 75
1722767737251 0.5650680065155029 76
1722767737251 0.5727988481521606 77
1722767737251 0.5672154426574707 78
1722767737267 0.5745168328285217 79
1722767737267 0.561488926410675 80
1722767737267 0.5799570679664612 81
1722767737284 0.5802433490753174 82
1722767737287 0.5937007665634155 83
1722767737287 0.5858267545700073 84
1722767737287 0.5815318822860718 85
1722767737300 0.5822476744651794 86
1722767737300 0.5981388688087463 87
1722767737300 0.5975661873817444 88
1722767737317 0.5979956984519958 89
1722767737320 0.5869720578193665 90
1722767737327 0.6024338006973267 91
1722767737331 0.6022906303405762 92
1722767737334 0.6065855622291565 93
1722767737338 0.6110236048698425 94
1722767737338 0.6073013544082642 95
1722767737351 0.6183249950408936 96
1722767737356 0.6134573817253113 97
1722767737361 0.6170365214347839 98
1722767737365 0.6115962862968445 99
1722767737369 0.6254831552505493 100
1722767737375 0.623478889465332 101
1722767737378 0.6310665607452393 102
1722767737384 0.6213314533233643 103
1722767737384 0.6190407872200012 104
1722767737384 0.6163206696510315 105
1722767737399 0.6204724311828613 106
1722767737400 0.6304939389228821 107
1722767737400 0.6236220598220825 108
1722767737400 0.6216177344322205 109
1722767737417 0.6343593597412109 110
1722767737417 0.6213314533233643 111
1722767737417 0.6220472455024719 112
1722767737434 0.6386542320251465 113
1722767737434 0.6296349167823792 114
1722767737444 0.6292054653167725 115
1722767737449 0.6343593597412109 116
1722767737454 0.645812451839447 117
1722767737459 0.6420902013778687 118
1722767737463 0.6372226476669312 119
1722767737467 0.6416606903076172 120
1722767737470 0.6478167772293091 121
1722767737470 0.645526111125946 122
1722767737483 0.6482462286949158 123
1722767737488 0.6509663462638855 124
1722767737488 0.6575518846511841 125
1722767737488 0.6596993803977966 126
1722767737501 0.6544023156166077 127
1722767737501 0.6469577550888062 128
1722767737501 0.6503937244415283 129
1722767737518 0.6468145847320557 130
1722767737522 0.6562634110450745 131
1722767737527 0.651395857334137 132
1722767737532 0.658124566078186 133
1722767737534 0.6519684791564941 134
1722767737534 0.6565497517585754 135
1722767737534 0.6652827262878418 136
1722767737550 0.6549749374389648 137
1722767737550 0.6446671485900879 138
1722767737550 0.6545454263687134 139
1722767737567 0.6649964451789856 140
1722767737567 0.6554044485092163 141
1722767737567 0.662848949432373 142
1722767737567 0.6654258966445923 143
1722767737583 0.6638510823249817 144
1722767737583 0.6651395559310913 145
1722767737583 0.6588403582572937 146
1722767737600 0.6611310243606567 147
1722767737600 0.6589835286140442 148
1722767737600 0.6619899868965149 149
1722767737600 0.6690050363540649 150
1722767737617 0.6691481471061707 151
1722767737617 0.6692913174629211 152
1722767737617 0.6635648012161255 153
1722767737633 0.6604151725769043 154
1722767737633 0.6682891845703125 155
1722767737633 0.663421630859375 156
1722767737648 0.6715819835662842 157
1722767737654 0.6735862493515015 158
1722767737656 0.6818897724151611 159
1722767737663 0.6765927076339722 160
1722767737669 0.6763063669204712 161
1722767737671 0.6830350756645203 162
1722767737678 0.6761631965637207 163
1722767737684 0.6755905747413635 164
1722767737690 0.675447404384613 165
1722767737690 0.6803149580955505 166
1722767737701 0.6808876395225525 167
1722767737702 0.685468852519989 168
1722767737702 0.680744469165802 169
1722767737717 0.6813170909881592 170
1722767737721 0.6881889700889587 171
1722767737726 0.6806012988090515 172
1722767737730 0.6831782460212708 173
1722767737736 0.6711524724960327 174
1722767737736 0.6803149580955505 175
1722767737736 0.6884753108024597 176
1722767737750 0.6748747229576111 177
1722767737750 0.6774516701698303 178
1722767737750 0.6783106923103333 179
1722767737767 0.6808876395225525 180
1722767737767 0.6858983635902405 181
1722767737767 0.6897637844085693 182
1722767737780 0.6894774436950684 183
1722767737783 0.6841803789138794 184
1722767737783 0.6816034317016602 185
1722767737783 0.6856120228767395 186
1722767737802 0.6876163482666016 187
1722767737802 0.6923407316207886 188
1722767737802 0.6874731779098511 189
1722767737818 0.6881889700889587 190
1722767737818 0.6846098899841309 191
1722767737818 0.6884753108024597 192
1722767737818 0.6820329427719116 193
1722767737835 0.6913385987281799 194
1722767737835 0.6850393414497375 195
1722767737835 0.6841803789138794 196
1722767737850 0.6797422766685486 197
1722767737850 0.6824623942375183 198
1722767737868 0.6909090876579285 199
