1722767736803 10.704240798950195 0
1722767736824 2.829737663269043 1
1722767736834 2.439598321914673 2
1722767736834 2.3683254718780518 3
1722767736850 2.3208024501800537 4
1722767736854 2.302785873413086 5
1722767736854 2.293292284011841 6
1722767736867 2.28067684173584 7
1722767736867 2.2751927375793457 8
1722767736884 2.266392469406128 9
1722767736884 2.2623953819274902 10
1722767736884 2.257079839706421 11
1722767736901 2.2513346672058105 12
1722767736904 2.2419559955596924 13
1722767736904 2.238290548324585 14
1722767736921 2.229003667831421 15
1722767736921 2.2239270210266113 16
1722767736935 2.2109148502349854 17
1722767736938 2.20166015625 18
1722767736946 2.1828272342681885 19
1722767736951 2.179109573364258 20
1722767736959 2.1573712825775146 21
1722767736970 2.145688772201538 22
1722767736970 2.136514186859131 23
1722767736970 2.1125967502593994 24
1722767736984 2.101767063140869 25
1722767736984 2.078848361968994 26
1722767736984 2.0621328353881836 27
1722767737003 2.0385987758636475 28
1722767737003 1.9980429410934448 29
1722767737003 1.9711650609970093 30
1722767737017 1.9454891681671143 31
1722767737017 1.9036269187927246 32
1722767737017 1.8772740364074707 33
1722767737034 1.8389414548873901 34
1722767737034 1.8049837350845337 35
1722767737034 1.7887638807296753 36
1722767737051 1.774584174156189 37
1722767737051 1.7440205812454224 38
1722767737051 1.7368395328521729 39
1722767737067 1.7218730449676514 40
1722767737067 1.722515344619751 41
1722767737067 1.6902848482131958 42
1722767737084 1.7032432556152344 43
1722767737084 1.681585669517517 44
1722767737084 1.6697821617126465 45
1722767737084 1.6576937437057495 46
1722767737101 1.6546205282211304 47
1722767737101 1.6392983198165894 48
1722767737101 1.62808358669281 49
1722767737117 1.6433758735656738 50
1722767737117 1.6234883069992065 51
1722767737117 1.5953171253204346 52
1722767737133 1.594375491142273 53
1722767737135 1.583022117614746 54
1722767737144 1.581049919128418 55
1722767737144 1.5623501539230347 56
1722767737151 1.5410418510437012 57
1722767737151 1.5271862745285034 58
1722767737167 1.5035804510116577 59
1722767737169 1.4849600791931152 60
1722767737169 1.4649571180343628 61
1722767737183 1.4458131790161133 62
1722767737184 1.418480396270752 63
1722767737191 1.420719861984253 64
1722767737191 1.4087073802947998 65
1722767737200 1.407297134399414 66
1722767737200 1.385252833366394 67
1722767737200 1.3776166439056396 68
1722767737217 1.3570963144302368 69
1722767737217 1.364866018295288 70
1722767737217 1.3428902626037598 71
1722767737217 1.3066679239273071 72
1722767737234 1.3190112113952637 73
1722767737234 1.3103375434875488 74
1722767737244 1.3234062194824219 75
1722767737251 1.288424015045166 76
1722767737251 1.2751173973083496 77
1722767737251 1.277571201324463 78
1722767737267 1.2693359851837158 79
1722767737267 1.304076910018921 80
1722767737267 1.26407790184021 81
1722767737267 1.2436894178390503 82
1722767737287 1.2266974449157715 83
1722767737287 1.2435400485992432 84
1722767737287 1.2395493984222412 85
1722767737300 1.2431695461273193 86
1722767737300 1.2078341245651245 87
1722767737300 1.2022919654846191 88
1722767737300 1.1965268850326538 89
1722767737320 1.2139527797698975 90
1722767737324 1.2006574869155884 91
1722767737329 1.1935245990753174 92
1722767737334 1.171096682548523 93
1722767737338 1.17511785030365 94
1722767737338 1.192663550376892 95
1722767737338 1.163740634918213 96
1722767737354 1.1668213605880737 97
1722767737359 1.1628063917160034 98
1722767737363 1.171501874923706 99
1722767737368 1.153661847114563 100
1722767737373 1.1511056423187256 101
1722767737378 1.1192693710327148 102
1722767737382 1.1440843343734741 103
1722767737384 1.1548986434936523 104
1722767737384 1.1602725982666016 105
1722767737384 1.1473147869110107 106
1722767737400 1.123083233833313 107
1722767737400 1.1338021755218506 108
1722767737400 1.1219135522842407 109
1722767737417 1.1305378675460815 110
1722767737417 1.132562279701233 111
1722767737417 1.1410188674926758 112
1722767737417 1.091927409172058 113
1722767737434 1.1287082433700562 114
1722767737434 1.1244102716445923 115
1722767737447 1.1177494525909424 116
1722767737452 1.1022756099700928 117
1722767737456 1.097333550453186 118
1722767737461 1.1143863201141357 119
1722767737466 1.1048856973648071 120
1722767737470 1.092479944229126 121
1722767737470 1.0932023525238037 122
1722767737470 1.06571364402771 123
1722767737486 1.086598515510559 124
1722767737488 1.0627590417861938 125
1722767737488 1.0571094751358032 126
1722767737501 1.0566872358322144 127
1722767737501 1.0675321817398071 128
1722767737501 1.0753716230392456 129
1722767737501 1.0818771123886108 130
1722767737520 1.0620015859603882 131
1722767737525 1.0530221462249756 132
1722767737530 1.060392141342163 133
1722767737534 1.047416090965271 134
1722767737534 1.0638834238052368 135
1722767737534 1.0376943349838257 136
1722767737550 1.0562063455581665 137
1722767737550 1.0826821327209473 138
1722767737550 1.0439406633377075 139
1722767737550 1.038935661315918 140
1722767737567 1.0644246339797974 141
1722767737567 1.0259182453155518 142
1722767737567 1.053484320640564 143
1722767737583 1.0351381301879883 144
1722767737583 1.0383256673812866 145
1722767737583 1.0602525472640991 146
1722767737583 1.0310263633728027 147
1722767737600 1.0399473905563354 148
1722767737600 1.033047080039978 149
1722767737600 1.0268726348876953 150
1722767737617 1.029984474182129 151
1722767737617 1.0329822301864624 152
1722767737617 1.0314840078353882 153
1722767737617 1.0330313444137573 154
1722767737633 1.021622896194458 155
1722767737633 1.0337516069412231 156
1722767737646 1.0072709321975708 157
1722767737650 1.0008995532989502 158
1722767737656 0.9922301173210144 159
1722767737660 1.0034581422805786 160
1722767737665 0.9981998205184937 161
1722767737671 1.000894546508789 162
1722767737675 0.9969918131828308 163
1722767737681 0.9963688850402832 164
1722767737684 1.0241672992706299 165
1722767737690 0.9961300492286682 166
1722767737690 0.9886118769645691 167
1722767737702 0.9922142028808594 168
1722767737702 0.9990016222000122 169
1722767737702 1.0005968809127808 170
1722767737717 0.9882180094718933 171
1722767737723 0.9979780912399292 172
1722767737728 0.9825822114944458 173
1722767737735 1.0206884145736694 174
1722767737736 0.9945129156112671 175
1722767737736 0.9935902953147888 176
1722767737750 0.9974076151847839 177
1722767737750 0.9889959692955017 178
1722767737750 1.005575180053711 179
1722767737750 0.9921095371246338 180
1722767737767 0.9872101545333862 181
1722767737767 0.9836265444755554 182
1722767737767 0.9708073735237122 183
1722767737783 0.9880073070526123 184
1722767737783 0.9946156144142151 185
1722767737783 0.9705910682678223 186
1722767737783 0.9770231246948242 187
1722767737802 0.9506621360778809 188
1722767737802 0.9832875728607178 189
1722767737802 0.9675558805465698 190
1722767737818 0.9968652725219727 191
1722767737818 0.9543963670730591 192
1722767737818 0.974823534488678 193
1722767737835 0.9688230752944946 194
1722767737835 0.9691957235336304 195
1722767737835 0.9785566329956055 196
1722767737850 0.9973310828208923 197
1722767737850 0.9914736151695251 198
1722767737850 0.9762274622917175 199
