1722766571287 8.133344650268555 0
1722766571304 2.544721841812134 1
1722766571304 2.355576515197754 2
1722766571319 2.3028974533081055 3
1722766571327 2.2825019359588623 4
1722766571335 2.2776570320129395 5
1722766571335 2.2671117782592773 6
1722766571335 2.2551937103271484 7
1722766571350 2.244849920272827 8
1722766571350 2.2348456382751465 9
1722766571360 2.228412389755249 10
1722766571368 2.2060999870300293 11
1722766571370 2.188502073287964 12
1722766571370 2.174511194229126 13
1722766571382 2.1503238677978516 14
1722766571391 2.1365325450897217 15
1722766571398 2.119025468826294 16
1722766571398 2.097627639770508 17
1722766571398 2.074512481689453 18
1722766571414 2.0497257709503174 19
1722766571424 2.0249452590942383 20
1722766571431 2.00469708442688 21
1722766571431 1.9609423875808716 22
1722766571431 1.9154819250106812 23
1722766571447 1.8851680755615234 24
1722766571450 1.8595482110977173 25
1722766571457 1.8112391233444214 26
1722766571463 1.7642264366149902 27
1722766571467 1.7077503204345703 28
1722766571474 1.7103862762451172 29
1722766571478 1.6722146272659302 30
1722766571484 1.6401641368865967 31
1722766571489 1.604094386100769 32
1722766571494 1.5882172584533691 33
1722766571496 1.5882912874221802 34
1722766571505 1.561187744140625 35
1722766571511 1.5396232604980469 36
1722766571511 1.5017421245574951 37
1722766571524 1.4883953332901 38
1722766571529 1.4727792739868164 39
1722766571534 1.4725778102874756 40
1722766571541 1.4426770210266113 41
1722766571546 1.4538415670394897 42
1722766571551 1.4252358675003052 43
1722766571556 1.4340522289276123 44
1722766571556 1.3943700790405273 45
1722766571556 1.3905036449432373 46
1722766571574 1.3980326652526855 47
1722766571574 1.3965636491775513 48
1722766571574 1.3795347213745117 49
1722766571587 1.3585516214370728 50
1722766571595 1.3616576194763184 51
1722766571598 1.369604229927063 52
1722766571608 1.3383187055587769 53
1722766571612 1.3677880764007568 54
1722766571612 1.3592376708984375 55
1722766571619 1.3577165603637695 56
1722766571619 1.3577255010604858 57
1722766571635 1.359696865081787 58
1722766571640 1.3224449157714844 59
1722766571640 1.2942777872085571 60
1722766571640 1.309866189956665 61
1722766571657 1.3114361763000488 62
1722766571657 1.3000738620758057 63
1722766571669 1.2834804058074951 64
1722766571673 1.2907804250717163 65
1722766571676 1.2931621074676514 66
1722766571676 1.2718560695648193 67
1722766571689 1.2662222385406494 68
1722766571689 1.2829216718673706 69
1722766571689 1.2883607149124146 70
1722766571705 1.26132071018219 71
1722766571705 1.2527745962142944 72
1722766571705 1.2532591819763184 73
1722766571721 1.2495741844177246 74
1722766571721 1.2608084678649902 75
1722766571721 1.2638723850250244 76
1722766571736 1.2726213932037354 77
1722766571736 1.2714335918426514 78
1722766571752 1.2747185230255127 79
1722766571752 1.2257604598999023 80
1722766571761 1.252507209777832 81
1722766571769 1.2452020645141602 82
1722766571776 1.2037721872329712 83
1722766571780 1.2287788391113281 84
1722766571785 1.2499741315841675 85
1722766571785 1.2430734634399414 86
1722766571797 1.2320398092269897 87
1722766571802 1.2186694145202637 88
1722766571805 1.2018202543258667 89
1722766571805 1.2132799625396729 90
1722766571816 1.217259168624878 91
1722766571816 1.2115949392318726 92
1722766571827 1.229820966720581 93
1722766571832 1.1950114965438843 94
1722766571832 1.1873654127120972 95
1722766571845 1.1929715871810913 96
1722766571848 1.20103919506073 97
1722766571857 1.2019925117492676 98
1722766571857 1.1779720783233643 99
1722766571864 1.184504747390747 100
1722766571869 1.1583622694015503 101
1722766571880 1.1558893918991089 102
1722766571881 1.168769121170044 103
1722766571885 1.1878435611724854 104
1722766571896 1.1534165143966675 105
1722766571900 1.170118808746338 106
1722766571907 1.1492722034454346 107
1722766571909 1.1866410970687866 108
1722766571909 1.173403263092041 109
1722766571922 1.2000765800476074 110
1722766571925 1.1799222230911255 111
1722766571932 1.1570159196853638 112
1722766571939 1.1468456983566284 113
1722766571942 1.154103398323059 114
1722766571942 1.15640127658844 115
1722766571954 1.1554137468338013 116
1722766571961 1.143054485321045 117
1722766571965 1.1476972103118896 118
1722766571970 1.1211313009262085 119
1722766571972 1.1403918266296387 120
1722766571972 1.1676594018936157 121
1722766571985 1.1453754901885986 122
1722766571993 1.1601104736328125 123
1722766571993 1.1075034141540527 124
1722766572002 1.152998447418213 125
1722766572007 1.1137022972106934 126
1722766572007 1.1374893188476562 127
1722766572018 1.1290218830108643 128
1722766572023 1.1442346572875977 129
1722766572028 1.1312810182571411 130
1722766572035 1.1549746990203857 131
1722766572040 1.111601710319519 132
1722766572043 1.117626667022705 133
1722766572049 1.1772139072418213 134
1722766572059 1.1444525718688965 135
1722766572059 1.1497634649276733 136
1722766572070 1.1308975219726562 137
1722766572075 1.0887515544891357 138
1722766572081 1.1287693977355957 139
1722766572081 1.133122444152832 140
1722766572081 1.132101058959961 141
1722766572097 1.1214300394058228 142
1722766572102 1.0993645191192627 143
1722766572106 1.1198455095291138 144
1722766572115 1.1123507022857666 145
1722766572120 1.1019290685653687 146
1722766572120 1.0881530046463013 147
1722766572132 1.1196227073669434 148
1722766572132 1.1194400787353516 149
