1722766571304 0.10966356843709946 0
1722766571304 0.12727272510528564 1
1722766571319 0.12727272510528564 2
1722766571325 0.12984967231750488 3
1722766571331 0.1311381459236145 4
1722766571335 0.1246957778930664 5
1722766571335 0.12841804325580597 6
1722766571335 0.1375805288553238 7
1722766571350 0.14101646840572357 8
1722766571360 0.151467427611351 9
1722766571366 0.15433071553707123 10
1722766571370 0.17337150871753693 11
1722766571370 0.18282033503055573 12
1722766571382 0.19384394586086273 13
1722766571382 0.2035790979862213 14
1722766571391 0.2070150375366211 15
1722766571398 0.20801718533039093 16
1722766571398 0.2150322049856186 17
1722766571414 0.22977809607982635 18
1722766571414 0.2383679300546646 19
1722766571426 0.24123120307922363 20
1722766571431 0.24581246078014374 21
1722766571431 0.27072298526763916 22
1722766571444 0.28489619493484497 23
1722766571448 0.30594131350517273 24
1722766571453 0.3218325078487396 25
1722766571460 0.3347172439098358 26
1722766571465 0.3540443778038025 27
1722766571470 0.38496777415275574 28
1722766571476 0.38453829288482666 29
1722766571481 0.40672871470451355 30
1722766571486 0.4219040870666504 31
1722766571491 0.4332140386104584 32
1722766571496 0.4489620625972748 33
1722766571501 0.4408017098903656 34
1722766571510 0.45740872621536255 35
1722766571511 0.45554760098457336 36
1722766571511 0.4645669162273407 37
1722766571526 0.4790264964103699 38
1722766571530 0.4897637665271759 39
1722766571537 0.4913385808467865 40
1722766571541 0.49491769075393677 41
1722766571549 0.4976378083229065 42
1722766571554 0.5110952258110046 43
1722766571556 0.5017895698547363 44
1722766571556 0.5156764388084412 45
1722766571569 0.5153900980949402 46
1722766571574 0.5274158716201782 47
1722766571574 0.5168217420578003 48
1722766571587 0.5291338562965393 49
1722766571592 0.5411596298217773 50
1722766571598 0.5348604321479797 51
1722766571604 0.5285611748695374 52
1722766571608 0.5431638956069946 53
1722766571612 0.5457409024238586 54
1722766571619 0.5325697660446167 55
1722766571619 0.5391553044319153 56
1722766571619 0.5415891408920288 57
1722766571635 0.5487473011016846 58
1722766571640 0.547458827495575 59
1722766571640 0.5564781427383423 60
1722766571640 0.5600572824478149 61
1722766571657 0.559770941734314 62
1722766571664 0.5705082416534424 63
1722766571669 0.5617752075195312 64
1722766571676 0.5636363625526428 65
1722766571676 0.5623478889465332 66
1722766571676 0.5803865194320679 67
1722766571689 0.5687902569770813 68
1722766571689 0.5683607459068298 69
1722766571705 0.5705082416534424 70
1722766571705 0.5758053064346313 71
1722766571705 0.5836793184280396 72
1722766571721 0.5775232911109924 73
1722766571721 0.5896921753883362 74
1722766571721 0.5759484767913818 75
1722766571736 0.5746600031852722 76
1722766571736 0.5738009810447693 77
1722766571736 0.5795275568962097 78
1722766571752 0.57122403383255 79
1722766571761 0.5875447392463684 80
1722766571761 0.5833929777145386 81
1722766571769 0.5905511975288391 82
1722766571776 0.5948460698127747 83
1722766571783 0.5869720578193665 84
1722766571785 0.588546872138977 85
1722766571785 0.5969935655593872 86
1722766571800 0.598854660987854 87
1722766571805 0.6025769710540771 88
1722766571805 0.6065855622291565 89
1722766571816 0.6050107479095459 90
1722766571816 0.6052970886230469 91
1722766571827 0.6028632521629333 92
1722766571832 0.6022906303405762 93
1722766571832 0.6085898280143738 94
1722766571832 0.6095919609069824 95
1722766571848 0.6127415895462036 96
1722766571848 0.6078740358352661 97
1722766571857 0.6047244071960449 98
1722766571864 0.6143164038658142 99
1722766571869 0.6127415895462036 100
1722766571869 0.6188976168632507 101
1722766571881 0.6146027445793152 102
1722766571885 0.6224767565727234 103
1722766571885 0.6193271279335022 104
1722766571898 0.6272011399269104 105
1722766571903 0.6198998093605042 106
1722766571909 0.6277738213539124 107
1722766571909 0.6197566390037537 108
1722766571909 0.6302075982093811 109
1722766571925 0.610880434513092 110
1722766571925 0.6240515112876892 111
1722766571934 0.6240515112876892 112
1722766571942 0.6274874806404114 113
1722766571942 0.6356478333473206 114
1722766571942 0.623765230178833 115
1722766571954 0.6326413750648499 116
1722766571961 0.633786678314209 117
1722766571965 0.6319255828857422 118
1722766571972 0.6403722167015076 119
1722766571972 0.6345025300979614 120
1722766571972 0.6269147992134094 121
1722766571985 0.6369363069534302 122
1722766571993 0.6309233903884888 123
1722766572001 0.6395132541656494 124
1722766572007 0.6327845454216003 125
1722766572007 0.6400858759880066 126
1722766572017 0.6362204551696777 127
1722766572020 0.6346456408500671 128
1722766572028 0.6273443102836609 129
1722766572033 0.6367931365966797 130
1722766572035 0.6327845454216003 131
1722766572043 0.6379384398460388 132
1722766572049 0.6428059935569763 133
1722766572049 0.6239084005355835 134
1722766572059 0.6385111212730408 135
1722766572067 0.6353614926338196 136
1722766572074 0.6397995948791504 137
1722766572075 0.6419470310211182 138
1722766572081 0.6317824125289917 139
1722766572081 0.6400858759880066 140
1722766572081 0.6392269134521484 141
1722766572097 0.6473872661590576 142
1722766572106 0.6481030583381653 143
1722766572114 0.6443808078765869 144
1722766572118 0.6433786749839783 145
1722766572120 0.6485325694084167 146
1722766572129 0.6569792628288269 147
1722766572132 0.6472440958023071 148
1722766572140 0.6515390276908875 149
