1722766884815 0.10493915528059006 0
1722766884839 0.12727272510528564 1
1722766884846 0.12598425149917603 2
1722766884846 0.13371510803699493 3
1722766884862 0.12355046719312668 4
1722766884862 0.13085182011127472 5
1722766884878 0.13543307781219482 6
1722766884878 0.14416606724262238 7
1722766884878 0.14101646840572357 8
1722766884894 0.15218324959278107 9
1722766884894 0.1470293551683426 10
1722766884909 0.15576234459877014 11
1722766884909 0.16005726158618927 12
1722766884909 0.1676449477672577 13
1722766884925 0.17895489931106567 14
1722766884925 0.19370079040527344 15
1722766884925 0.20028632879257202 16
1722766884941 0.21145310997962952 17
1722766884941 0.23106656968593597 18
1722766884957 0.237079456448555 19
1722766884960 0.25483179092407227 20
1722766884960 0.26327845454216003 21
1722766884974 0.2808876037597656 22
1722766884974 0.30064424872398376 23
1722766884974 0.3156764507293701 24
1722766884990 0.3143879771232605 25
1722766884990 0.3304223418235779 26
1722766884990 0.3347172439098358 27
1722766885006 0.3474588394165039 28
1722766885008 0.359914094209671 29
1722766885008 0.38124552369117737 30
1722766885008 0.39069435000419617 31
1722766885024 0.3962777256965637 32
1722766885024 0.4094488322734833 33
1722766885024 0.4012884795665741 34
1722766885041 0.4203292727470398 35
1722766885041 0.4299212694168091 36
1722766885041 0.43378669023513794 37
1722766885060 0.44438081979751587 38
1722766885060 0.4562634229660034 39
1722766885060 0.45697924494743347 40
1722766885073 0.4690050184726715 41
1722766885073 0.4797423183917999 42
1722766885089 0.48561203479766846 43
1722766885104 0.4806012809276581 44
1722766885104 0.4990694224834442 45
1722766885120 0.5043665170669556 46
1722766885120 0.5047959685325623 47
1722766885136 0.5163922905921936 48
1722766885151 0.5226914882659912 49
1722766885160 0.5284180641174316 50
1722766885167 0.5278453826904297 51
1722766885167 0.5338582396507263 52
1722766885183 0.5364352464675903 53
1722766885183 0.5332856178283691 54
1722766885183 0.5507516264915466 55
1722766885199 0.5460271835327148 56
1722766885199 0.5507516264915466 57
1722766885214 0.5476019978523254 58
1722766885214 0.5637795329093933 59
1722766885230 0.5577666163444519 60
1722766885230 0.5574803352355957 61
1722766885246 0.5546170473098755 62
1722766885246 0.5656406879425049 63
1722766885262 0.5676449537277222 64
1722766885262 0.5829634666442871 65
1722766885278 0.5772369503974915 66
1722766885278 0.5690765976905823 67
1722766885293 0.5778095722198486 68
1722766885293 0.5786685943603516 69
1722766885309 0.5756621360778809 70
1722766885309 0.5815318822860718 71
1722766885324 0.5865426063537598 72
1722766885324 0.5912669897079468 73
1722766885324 0.5875447392463684 74
1722766885340 0.5852541327476501 75
1722766885340 0.5869720578193665 76
1722766885356 0.5948460698127747 77
1722766885360 0.5876879096031189 78
1722766885360 0.5881174206733704 79
1722766885372 0.604151725769043 80
1722766885372 0.5964208841323853 81
1722766885372 0.6052970886230469 82
1722766885391 0.6062992215156555 83
1722766885391 0.5942734479904175 84
1722766885391 0.6025769710540771 85
1722766885408 0.606442391872406 86
1722766885408 0.6047244071960449 87
1722766885423 0.6094487905502319 88
1722766885439 0.6091625094413757 89
1722766885439 0.599141001701355 90
1722766885455 0.6054401993751526 91
1722766885461 0.6176091432571411 92
1722766885471 0.6227630376815796 93
1722766885471 0.621760904788971 94
1722766885491 0.6188976168632507 95
1722766885491 0.616463840007782 96
1722766885507 0.6136005520820618 97
1722766885507 0.6216177344322205 98
1722766885523 0.6264853477478027 99
1722766885523 0.6309233903884888 100
1722766885538 0.6329277157783508 101
1722766885538 0.6243378520011902 102
1722766885554 0.62848961353302 103
1722766885561 0.6206156015396118 104
1722766885561 0.6216177344322205 105
1722766885570 0.6250537037849426 106
1722766885570 0.6183249950408936 107
1722766885585 0.6297780871391296 108
1722766885585 0.6379384398460388 109
1722766885601 0.6286327838897705 110
1722766885601 0.6244810223579407 111
1722766885617 0.6213314533233643 112
1722766885617 0.6302075982093811 113
1722766885642 0.6372226476669312 114
1722766885648 0.6313529014587402 115
1722766885648 0.6236220598220825 116
1722766885664 0.6360772848129272 117
1722766885664 0.6389405727386475 118
1722766885680 0.6433786749839783 119
1722766885680 0.6395132541656494 120
1722766885680 0.6300644278526306 121
1722766885696 0.6363636255264282 122
1722766885696 0.6405153870582581 123
1722766885711 0.6422333717346191 124
1722766885711 0.6324982047080994 125
1722766885711 0.6413743495941162 126
1722766885727 0.6376520991325378 127
1722766885727 0.6355046629905701 128
1722766885727 0.6495347023010254 129
1722766885743 0.6502505540847778 130
1722766885743 0.6436650156974792 131
1722766885758 0.6314960718154907 132
1722766885761 0.633500337600708 133
1722766885761 0.6395132541656494 134
1722766885774 0.6430923342704773 135
1722766885774 0.6415175199508667 136
1722766885774 0.6485325694084167 137
1722766885790 0.6343593597412109 138
1722766885790 0.6400858759880066 139
1722766885790 0.6481030583381653 140
1722766885805 0.6466714143753052 141
1722766885805 0.6473872661590576 142
1722766885805 0.6565497517585754 143
1722766885821 0.6549749374389648 144
1722766885821 0.6448103189468384 145
1722766885821 0.6386542320251465 146
1722766885837 0.656120240688324 147
1722766885837 0.6556907892227173 148
1722766885837 0.6489620804786682 149
