1722766884815 8.087459564208984 0
1722766884839 2.504641056060791 1
1722766884846 2.352909803390503 2
1722766884846 2.295074224472046 3
1722766884846 2.279010534286499 4
1722766884862 2.271372079849243 5
1722766884862 2.2567596435546875 6
1722766884878 2.252760171890259 7
1722766884878 2.245494842529297 8
1722766884894 2.2351255416870117 9
1722766884894 2.233177423477173 10
1722766884894 2.220790147781372 11
1722766884909 2.2150614261627197 12
1722766884909 2.2007405757904053 13
1722766884925 2.172881603240967 14
1722766884925 2.152895212173462 15
1722766884925 2.1252312660217285 16
1722766884941 2.082017660140991 17
1722766884941 2.029029369354248 18
1722766884941 2.005173921585083 19
1722766884960 1.96177077293396 20
1722766884960 1.9243263006210327 21
1722766884960 1.8731601238250732 22
1722766884974 1.8487802743911743 23
1722766884974 1.818339228630066 24
1722766884974 1.8031212091445923 25
1722766884990 1.7797175645828247 26
1722766884990 1.7698843479156494 27
1722766884990 1.735344409942627 28
1722766885008 1.7208373546600342 29
1722766885008 1.6905947923660278 30
1722766885008 1.675950288772583 31
1722766885024 1.6647541522979736 32
1722766885024 1.6378368139266968 33
1722766885024 1.6354106664657593 34
1722766885039 1.6060858964920044 35
1722766885041 1.5865199565887451 36
1722766885041 1.56482994556427 37
1722766885057 1.5748693943023682 38
1722766885060 1.5297977924346924 39
1722766885060 1.5278586149215698 40
1722766885073 1.4944030046463013 41
1722766885073 1.4894940853118896 42
1722766885089 1.4685713052749634 43
1722766885089 1.4781960248947144 44
1722766885104 1.4333034753799438 45
1722766885104 1.4278963804244995 46
1722766885120 1.3978489637374878 47
1722766885136 1.412428379058838 48
1722766885136 1.4045401811599731 49
1722766885151 1.3903175592422485 50
1722766885160 1.3766443729400635 51
1722766885167 1.3734062910079956 52
1722766885167 1.3610864877700806 53
1722766885183 1.3509068489074707 54
1722766885183 1.3461664915084839 55
1722766885199 1.355179786682129 56
1722766885199 1.321549892425537 57
1722766885214 1.3544098138809204 58
1722766885214 1.2971854209899902 59
1722766885214 1.3124244213104248 60
1722766885230 1.3074755668640137 61
1722766885230 1.3120002746582031 62
1722766885246 1.2954342365264893 63
1722766885246 1.2834678888320923 64
1722766885262 1.2614467144012451 65
1722766885262 1.2677477598190308 66
1722766885278 1.2744227647781372 67
1722766885278 1.2963862419128418 68
1722766885293 1.2501920461654663 69
1722766885309 1.2647203207015991 70
1722766885309 1.2413535118103027 71
1722766885324 1.2406319379806519 72
1722766885324 1.231677532196045 73
1722766885324 1.2403992414474487 74
1722766885340 1.242554783821106 75
1722766885340 1.226675271987915 76
1722766885340 1.2145088911056519 77
1722766885360 1.2312852144241333 78
1722766885360 1.2549214363098145 79
1722766885360 1.2106252908706665 80
1722766885372 1.209862232208252 81
1722766885372 1.1921859979629517 82
1722766885388 1.2019047737121582 83
1722766885391 1.2109349966049194 84
1722766885391 1.1999353170394897 85
1722766885408 1.1862574815750122 86
1722766885408 1.200341820716858 87
1722766885423 1.1952664852142334 88
1722766885423 1.1813243627548218 89
1722766885439 1.205491542816162 90
1722766885439 1.1965044736862183 91
1722766885461 1.1617329120635986 92
1722766885471 1.147686243057251 93
1722766885471 1.1469134092330933 94
1722766885486 1.1622459888458252 95
1722766885491 1.1749956607818604 96
1722766885507 1.1730715036392212 97
1722766885507 1.1468150615692139 98
1722766885507 1.155676245689392 99
1722766885523 1.1531646251678467 100
1722766885538 1.1351364850997925 101
1722766885538 1.1484348773956299 102
1722766885538 1.136967658996582 103
1722766885554 1.1666591167449951 104
1722766885561 1.175889492034912 105
1722766885570 1.1567572355270386 106
1722766885570 1.1642297506332397 107
1722766885585 1.1349362134933472 108
1722766885585 1.112507939338684 109
1722766885601 1.1266778707504272 110
1722766885601 1.1392728090286255 111
1722766885601 1.156197190284729 112
1722766885617 1.1323152780532837 113
1722766885617 1.1223249435424805 114
1722766885648 1.1595488786697388 115
1722766885648 1.1487869024276733 116
1722766885661 1.1351217031478882 117
1722766885664 1.1185466051101685 118
1722766885680 1.107820987701416 119
1722766885680 1.0921636819839478 120
1722766885680 1.1409803628921509 121
1722766885696 1.1246885061264038 122
1722766885696 1.1058341264724731 123
1722766885696 1.0996100902557373 124
1722766885711 1.1200499534606934 125
1722766885711 1.1148592233657837 126
1722766885727 1.1179611682891846 127
1722766885727 1.1269810199737549 128
1722766885727 1.1039175987243652 129
1722766885743 1.0721232891082764 130
1722766885743 1.0875723361968994 131
1722766885743 1.131917119026184 132
1722766885761 1.106144905090332 133
1722766885761 1.110571265220642 134
1722766885761 1.0977925062179565 135
1722766885774 1.0916146039962769 136
1722766885774 1.0873644351959229 137
1722766885774 1.1058722734451294 138
1722766885790 1.1110440492630005 139
1722766885790 1.0788886547088623 140
1722766885790 1.0745879411697388 141
1722766885805 1.0790818929672241 142
1722766885805 1.0539638996124268 143
1722766885805 1.0634673833847046 144
1722766885821 1.0809657573699951 145
1722766885821 1.107922077178955 146
1722766885821 1.0713257789611816 147
1722766885837 1.0693503618240356 148
1722766885837 1.081316351890564 149
