1722764377288 0.11080887913703918 0
1722764377293 0.11309950053691864 1
1722764377298 0.11968503892421722 2
1722764377303 0.121546171605587 3
1722764377308 0.12440945208072662 4
1722764377313 0.12598425149917603 5
1722764377319 0.13013601303100586 6
1722764377324 0.1246957778930664 7
1722764377329 0.1295633465051651 8
1722764377334 0.12899069488048553 9
1722764377339 0.1265569031238556 10
1722764377344 0.1358625590801239 11
1722764377349 0.1265569031238556 12
1722764377354 0.134430930018425 13
1722764377359 0.13342878222465515 14
1722764377364 0.1437365710735321 15
1722764377369 0.1516105979681015 16
1722764377375 0.1498926281929016 17
1722764377380 0.15748031437397003 18
1722764377385 0.17967072129249573 19
1722764377392 0.1818181872367859 20
1722764377397 0.19012169539928436 21
1722764377402 0.20415174961090088 22
1722764377407 0.21259842813014984 23
1722764377412 0.2148890495300293 24
1722764377417 0.22376520931720734 25
1722764377422 0.22662848234176636 26
1722764377427 0.23035074770450592 27
1722764377432 0.24266284704208374 28
1722764377437 0.2418038696050644 29
1722764377442 0.24910522997379303 30
1722764377447 0.25969934463500977 31
1722764377452 0.27100929617881775 32
1722764377457 0.27215462923049927 33
1722764377462 0.29620614647865295 34
1722764377467 0.30551180243492126 35
1722764377472 0.3065139651298523 36
1722764377477 0.3251252770423889 37
1722764377482 0.32755905389785767 38
1722764377487 0.33271294832229614 39
1722764377492 0.33901217579841614 40
1722764377497 0.336578369140625 41
1722764377502 0.3536148965358734 42
1722764377507 0.3510379493236542 43
1722764377512 0.342877596616745 44
1722764377518 0.35490337014198303 45
1722764377523 0.36077308654785156 46
1722764377528 0.35977092385292053 47
1722764377533 0.36707228422164917 48
1722764377538 0.37852540612220764 49
1722764377543 0.388833224773407 50
1722764377548 0.394846111536026 51
1722764377553 0.4011453092098236 52
1722764377558 0.4105941355228424 53
1722764377564 0.42419469356536865 54
1722764377569 0.42734432220458984 55
1722764377574 0.43693628907203674 56
1722764377579 0.44438081979751587 57
1722764377584 0.44452399015426636 58
1722764377589 0.4489620625972748 59
1722764377594 0.469148188829422 60
1722764377599 0.47129562497138977 61
1722764377604 0.47415891289711 62
1722764377610 0.48546886444091797 63
1722764377616 0.4847530424594879 64
1722764377621 0.480171799659729 65
1722764377626 0.5032212138175964 66
1722764377635 0.4977809488773346 67
1722764377646 0.5106657147407532 68
1722764377651 0.5132426619529724 69
1722764377656 0.5161059498786926 70
1722764377663 0.5183965563774109 71
1722764377668 0.51954185962677 72
1722764377677 0.5327129364013672 73
1722764377682 0.524838924407959 74
1722764377687 0.53214031457901 75
1722764377692 0.5384395122528076 76
1722764377697 0.5417323112487793 77
1722764377703 0.5420185923576355 78
1722764377708 0.5458840131759644 79
1722764377714 0.5473156571388245 80
1722764377719 0.5500357747077942 81
1722764377724 0.5564781427383423 82
1722764377730 0.5581961274147034 83
1722764377736 0.5662133097648621 84
1722764377741 0.5526127219200134 85
1722764377746 0.5531854033470154 86
1722764377752 0.5842519402503967 87
1722764377758 0.5689334273338318 88
1722764377763 0.5813887119293213 89
1722764377768 0.5676449537277222 90
1722764377774 0.5735146999359131 91
1722764377780 0.5803865194320679 92
1722764377785 0.5785254240036011 93
1722764377791 0.5759484767913818 94
1722764377796 0.5874015688896179 95
1722764377801 0.5949892401695251 96
1722764377806 0.5989978313446045 97
1722764377812 0.5874015688896179 98
1722764377817 0.5832498073577881 99
1722764377822 0.5937007665634155 100
1722764377828 0.5939871072769165 101
1722764377833 0.5972799062728882 102
1722764377838 0.6040086150169373 103
1722764377843 0.6042948961257935 104
1722764377849 0.604151725769043 105
1722764377855 0.6093056797981262 106
1722764377860 0.6085898280143738 107
1722764377866 0.6078740358352661 108
1722764377872 0.6130279302597046 109
1722764377877 0.6065855622291565 110
1722764377883 0.611453115940094 111
1722764377888 0.6144595742225647 112
1722764377893 0.6283464431762695 113
1722764377900 0.6171796917915344 114
1722764377905 0.6229062080383301 115
1722764377910 0.611739456653595 116
1722764377916 0.616463840007782 117
1722764377921 0.6219040751457214 118
1722764377926 0.6299212574958801 119
1722764377932 0.6403722167015076 120
1722764377937 0.6250537037849426 121
1722764377942 0.6280601024627686 122
1722764377948 0.6154617071151733 123
1722764377953 0.6273443102836609 124
1722764377958 0.6273443102836609 125
1722764377964 0.6312097311019897 126
1722764377969 0.623192548751831 127
1722764377975 0.6375089287757874 128
1722764377981 0.6412312388420105 129
1722764377986 0.6332140564918518 130
1722764377992 0.6319255828857422 131
1722764377997 0.6376520991325378 132
1722764378002 0.6339298486709595 133
1722764378008 0.6418038606643677 134
1722764378013 0.6336435079574585 135
1722764378018 0.6420902013778687 136
1722764378023 0.6347888112068176 137
1722764378029 0.6399427056312561 138
1722764378034 0.6345025300979614 139
1722764378040 0.6379384398460388 140
1722764378045 0.638797402381897 141
1722764378052 0.645526111125946 142
1722764378058 0.6425197124481201 143
1722764378064 0.6475304365158081 144
1722764378069 0.6471009254455566 145
1722764378075 0.6498210430145264 146
1722764378080 0.651109516620636 147
1722764378086 0.6493915319442749 148
1722764378091 0.6516821980476379 149
