1722764377284 10.993721961975098 0
1722764377290 2.937324047088623 1
1722764377295 2.490377187728882 2
1722764377301 2.377963066101074 3
1722764377306 2.3292253017425537 4
1722764377311 2.2986369132995605 5
1722764377316 2.2894155979156494 6
1722764377321 2.2844550609588623 7
1722764377326 2.2676022052764893 8
1722764377332 2.2693357467651367 9
1722764377337 2.2643179893493652 10
1722764377342 2.2613747119903564 11
1722764377347 2.2577972412109375 12
1722764377351 2.2514419555664062 13
1722764377356 2.246941089630127 14
1722764377361 2.240896701812744 15
1722764377367 2.2339694499969482 16
1722764377373 2.2242376804351807 17
1722764377378 2.2188611030578613 18
1722764377383 2.2018470764160156 19
1722764377388 2.189701795578003 20
1722764377394 2.1640706062316895 21
1722764377399 2.147542715072632 22
1722764377404 2.127825975418091 23
1722764377409 2.112835168838501 24
1722764377414 2.0824637413024902 25
1722764377419 2.0790412425994873 26
1722764377424 2.05481219291687 27
1722764377430 2.034722089767456 28
1722764377435 2.0139944553375244 29
1722764377440 1.9936678409576416 30
1722764377445 1.967479944229126 31
1722764377450 1.9420866966247559 32
1722764377455 1.9219945669174194 33
1722764377460 1.8847068548202515 34
1722764377465 1.8599435091018677 35
1722764377470 1.863224744796753 36
1722764377475 1.8163607120513916 37
1722764377480 1.8166781663894653 38
1722764377485 1.8008430004119873 39
1722764377490 1.7775487899780273 40
1722764377495 1.7713074684143066 41
1722764377500 1.7531410455703735 42
1722764377505 1.7480028867721558 43
1722764377510 1.7341276407241821 44
1722764377515 1.7320016622543335 45
1722764377520 1.7204593420028687 46
1722764377525 1.691752552986145 47
1722764377530 1.6921367645263672 48
1722764377535 1.6797230243682861 49
1722764377540 1.6517449617385864 50
1722764377545 1.6425440311431885 51
1722764377551 1.632926106452942 52
1722764377556 1.58927583694458 53
1722764377561 1.5615848302841187 54
1722764377566 1.5765125751495361 55
1722764377571 1.5543768405914307 56
1722764377576 1.5209511518478394 57
1722764377582 1.5403953790664673 58
1722764377587 1.504810094833374 59
1722764377592 1.4961578845977783 60
1722764377597 1.483078956604004 61
1722764377602 1.4595344066619873 62
1722764377607 1.4419217109680176 63
1722764377613 1.4504672288894653 64
1722764377618 1.4440416097640991 65
1722764377623 1.426376223564148 66
1722764377630 1.4286751747131348 67
1722764377640 1.3873779773712158 68
1722764377649 1.3775080442428589 69
1722764377653 1.3812644481658936 70
1722764377660 1.376192569732666 71
1722764377666 1.381022334098816 72
1722764377671 1.368357539176941 73
1722764377679 1.3720519542694092 74
1722764377684 1.3407838344573975 75
1722764377690 1.3484570980072021 76
1722764377695 1.3173884153366089 77
1722764377700 1.312900424003601 78
1722764377706 1.3138731718063354 79
1722764377711 1.3155980110168457 80
1722764377716 1.3113222122192383 81
1722764377722 1.287970781326294 82
1722764377727 1.2844326496124268 83
1722764377733 1.291903018951416 84
1722764377738 1.3007534742355347 85
1722764377744 1.287778377532959 86
1722764377750 1.262921690940857 87
1722764377755 1.2579450607299805 88
1722764377760 1.2451367378234863 89
1722764377766 1.263404130935669 90
1722764377772 1.2421550750732422 91
1722764377777 1.2359914779663086 92
1722764377783 1.2328161001205444 93
1722764377788 1.236684799194336 94
1722764377793 1.2369465827941895 95
1722764377799 1.2140413522720337 96
1722764377804 1.222206711769104 97
1722764377809 1.2124180793762207 98
1722764377814 1.224398136138916 99
1722764377820 1.2201647758483887 100
1722764377825 1.1990966796875 101
1722764377830 1.218852162361145 102
1722764377836 1.2006806135177612 103
1722764377841 1.1932395696640015 104
1722764377846 1.2002445459365845 105
1722764377852 1.173353672027588 106
1722764377857 1.18629789352417 107
1722764377863 1.1639013290405273 108
1722764377869 1.180952787399292 109
1722764377875 1.1987038850784302 110
1722764377880 1.1755735874176025 111
1722764377886 1.1509078741073608 112
1722764377891 1.152439832687378 113
1722764377897 1.1418569087982178 114
1722764377902 1.1624568700790405 115
1722764377908 1.1869491338729858 116
1722764377913 1.1587812900543213 117
1722764377918 1.1566375494003296 118
1722764377924 1.12928307056427 119
1722764377929 1.1150233745574951 120
1722764377934 1.1443378925323486 121
1722764377939 1.1453498601913452 122
1722764377945 1.1500837802886963 123
1722764377950 1.142100214958191 124
1722764377956 1.1367803812026978 125
1722764377961 1.1395105123519897 126
1722764377966 1.1607770919799805 127
1722764377972 1.1226081848144531 128
1722764377979 1.1113831996917725 129
1722764377984 1.1316531896591187 130
1722764377989 1.114439845085144 131
1722764377994 1.099288821220398 132
1722764378000 1.131927490234375 133
1722764378005 1.099234938621521 134
1722764378010 1.1302391290664673 135
1722764378015 1.0956153869628906 136
1722764378020 1.1257200241088867 137
1722764378026 1.1103659868240356 138
1722764378032 1.1212517023086548 139
1722764378037 1.122290849685669 140
1722764378043 1.1143243312835693 141
1722764378048 1.1023558378219604 142
1722764378055 1.1204962730407715 143
1722764378061 1.094570517539978 144
1722764378066 1.0857229232788086 145
1722764378072 1.0876721143722534 146
1722764378077 1.1074597835540771 147
1722764378083 1.0934845209121704 148
1722764378088 1.083528757095337 149
