1722767075676 8.440770149230957 0
1722767075692 2.5320816040039062 1
1722767075692 2.352130174636841 2
1722767075692 2.3000621795654297 3
1722767075704 2.281517267227173 4
1722767075704 2.2771966457366943 5
1722767075704 2.2652015686035156 6
1722767075720 2.2591259479522705 7
1722767075720 2.250994920730591 8
1722767075720 2.2442030906677246 9
1722767075736 2.2257285118103027 10
1722767075737 2.2100980281829834 11
1722767075737 2.200026750564575 12
1722767075737 2.1794283390045166 13
1722767075754 2.1622934341430664 14
1722767075754 2.1444342136383057 15
1722767075754 2.1240692138671875 16
1722767075770 2.0946052074432373 17
1722767075776 2.0645909309387207 18
1722767075776 2.049600124359131 19
1722767075776 2.0339057445526123 20
1722767075787 2.0008418560028076 21
1722767075787 1.9610520601272583 22
1722767075787 1.9171229600906372 23
1722767075804 1.8876508474349976 24
1722767075804 1.8736485242843628 25
1722767075804 1.839174509048462 26
1722767075819 1.817031741142273 27
1722767075820 1.7949753999710083 28
1722767075820 1.76175856590271 29
1722767075820 1.7393608093261719 30
1722767075837 1.7009494304656982 31
1722767075837 1.6737959384918213 32
1722767075837 1.663826584815979 33
1722767075853 1.628818154335022 34
1722767075854 1.602490782737732 35
1722767075854 1.5998238325119019 36
1722767075854 1.5675454139709473 37
1722767075870 1.5408155918121338 38
1722767075876 1.5416585206985474 39
1722767075876 1.4987361431121826 40
1722767075887 1.5128461122512817 41
1722767075887 1.4911391735076904 42
1722767075887 1.4633005857467651 43
1722767075887 1.453141689300537 44
1722767075903 1.4171724319458008 45
1722767075903 1.424359917640686 46
1722767075903 1.4072191715240479 47
1722767075920 1.40958571434021 48
1722767075920 1.386252522468567 49
1722767075920 1.3853495121002197 50
1722767075920 1.3837707042694092 51
1722767075937 1.3719754219055176 52
1722767075937 1.3670611381530762 53
1722767075937 1.363587737083435 54
1722767075953 1.339987874031067 55
1722767075953 1.3635447025299072 56
1722767075953 1.3301488161087036 57
1722767075970 1.319237470626831 58
1722767075970 1.3269914388656616 59
1722767075976 1.3161269426345825 60
1722767075976 1.3074705600738525 61
1722767075987 1.3082897663116455 62
1722767075987 1.2853758335113525 63
1722767075987 1.3058584928512573 64
1722767076004 1.310846209526062 65
1722767076004 1.2988007068634033 66
1722767076004 1.2833939790725708 67
1722767076019 1.2672964334487915 68
1722767076020 1.2922340631484985 69
1722767076020 1.2779262065887451 70
1722767076020 1.309568166732788 71
1722767076037 1.2545663118362427 72
1722767076037 1.2443325519561768 73
1722767076037 1.25808584690094 74
1722767076053 1.2596397399902344 75
1722767076053 1.2302063703536987 76
1722767076053 1.2377779483795166 77
1722767076053 1.2192320823669434 78
1722767076070 1.2198187112808228 79
1722767076076 1.2381889820098877 80
1722767076076 1.2201862335205078 81
1722767076088 1.2080649137496948 82
1722767076088 1.2155158519744873 83
1722767076088 1.2270351648330688 84
1722767076088 1.2424732446670532 85
1722767076103 1.2228736877441406 86
1722767076103 1.2273668050765991 87
1722767076103 1.2243725061416626 88
1722767076120 1.2050714492797852 89
1722767076120 1.2273588180541992 90
1722767076120 1.1900982856750488 91
1722767076120 1.1875495910644531 92
1722767076137 1.2082492113113403 93
1722767076137 1.1855229139328003 94
1722767076137 1.1977386474609375 95
1722767076153 1.201249599456787 96
1722767076153 1.1874926090240479 97
1722767076153 1.1778444051742554 98
1722767076153 1.1957679986953735 99
1722767076170 1.1563501358032227 100
1722767076177 1.1505610942840576 101
1722767076177 1.1690728664398193 102
1722767076187 1.1713200807571411 103
1722767076187 1.1598082780838013 104
1722767076187 1.1650201082229614 105
1722767076187 1.1437281370162964 106
1722767076203 1.1701256036758423 107
1722767076203 1.1490428447723389 108
1722767076203 1.1646826267242432 109
1722767076220 1.1620616912841797 110
1722767076220 1.1478710174560547 111
1722767076220 1.130607008934021 112
1722767076220 1.150893211364746 113
1722767076237 1.1373324394226074 114
1722767076237 1.1275056600570679 115
1722767076237 1.1404021978378296 116
1722767076253 1.1560955047607422 117
1722767076253 1.1504271030426025 118
1722767076253 1.1818729639053345 119
1722767076269 1.161192774772644 120
1722767076270 1.130822777748108 121
1722767076277 1.1372894048690796 122
1722767076277 1.1554124355316162 123
1722767076288 1.1511375904083252 124
1722767076288 1.134548306465149 125
1722767076288 1.107542634010315 126
1722767076288 1.1041591167449951 127
1722767076303 1.164764165878296 128
1722767076303 1.1572158336639404 129
1722767076303 1.143559217453003 130
1722767076320 1.132266640663147 131
1722767076320 1.0964840650558472 132
1722767076320 1.1373661756515503 133
1722767076336 1.1315951347351074 134
1722767076337 1.1486071348190308 135
1722767076337 1.113600492477417 136
1722767076337 1.133034348487854 137
1722767076353 1.1128792762756348 138
1722767076353 1.1118830442428589 139
1722767076353 1.1149474382400513 140
1722767076369 1.1119221448898315 141
1722767076370 1.1213287115097046 142
1722767076377 1.1288108825683594 143
1722767076377 1.0962228775024414 144
1722767076388 1.1033916473388672 145
1722767076388 1.1205189228057861 146
1722767076388 1.0940186977386475 147
1722767076388 1.1105735301971436 148
1722767076403 1.102747917175293 149
