1722767075676 0.10880458354949951 0
1722767075692 0.12297780811786652 1
1722767075692 0.12197566032409668 2
1722767075704 0.12412311881780624 3
1722767075704 0.12197566032409668 4
1722767075704 0.1246957778930664 5
1722767075719 0.1278453767299652 6
1722767075720 0.1328561156988144 7
1722767075720 0.134144589304924 8
1722767075720 0.14445239305496216 9
1722767075737 0.15347172319889069 10
1722767075737 0.1675017923116684 11
1722767075737 0.1783822476863861 12
1722767075754 0.19012169539928436 13
1722767075754 0.19141016900539398 14
1722767075754 0.2004294991493225 15
1722767075754 0.2083035111427307 16
1722767075770 0.2196134626865387 17
1722767075776 0.23035074770450592 18
1722767075776 0.23664996027946472 19
1722767075787 0.24051539599895477 20
1722767075787 0.24681460857391357 21
1722767075787 0.2641374468803406 22
1722767075787 0.2843235433101654 23
1722767075804 0.2933428883552551 24
1722767075804 0.30579814314842224 25
1722767075804 0.303221195936203 26
1722767075820 0.319541871547699 27
1722767075820 0.32813170552253723 28
1722767075820 0.3398711383342743 29
1722767075837 0.3633500337600708 30
1722767075837 0.36893343925476074 31
1722767075837 0.3763779401779175 32
1722767075837 0.3778095841407776 33
1722767075854 0.3949892520904541 34
1722767075854 0.4078740179538727 35
1722767075854 0.42405155301094055 36
1722767075870 0.43994274735450745 37
1722767075870 0.4456692934036255 38
1722767075876 0.45268431305885315 39
1722767075876 0.4708661437034607 40
1722767075887 0.4629921317100525 41
1722767075887 0.4821760952472687 42
1722767075887 0.49047958850860596 43
1722767075903 0.49205440282821655 44
1722767075903 0.5043665170669556 45
1722767075903 0.5037938356399536 46
1722767075903 0.512813150882721 47
1722767075920 0.5089477300643921 48
1722767075920 0.5135290026664734 49
1722767075920 0.531853973865509 50
1722767075937 0.5331424474716187 51
1722767075937 0.5357193946838379 52
1722767075937 0.5341445803642273 53
1722767075953 0.5305655002593994 54
1722767075953 0.5414459705352783 55
1722767075953 0.5354330539703369 56
1722767075953 0.5450250506401062 57
1722767075970 0.5553328394889832 58
1722767075976 0.549463152885437 59
1722767075976 0.5480315089225769 60
1722767075987 0.5531854033470154 61
1722767075987 0.5573371648788452 62
1722767075987 0.5649248361587524 63
1722767075987 0.5634931921958923 64
1722767076004 0.5530422329902649 65
1722767076004 0.566785991191864 66
1722767076004 0.5696492195129395 67
1722767076020 0.5809592008590698 68
1722767076020 0.5723693370819092 69
1722767076020 0.566785991191864 70
1722767076036 0.5679312944412231 71
1722767076037 0.5759484767913818 72
1722767076037 0.5759484767913818 73
1722767076037 0.5798138976097107 74
1722767076053 0.5828203558921814 75
1722767076053 0.5852541327476501 76
1722767076053 0.5958482623100281 77
1722767076070 0.5875447392463684 78
1722767076070 0.5948460698127747 79
1722767076076 0.5905511975288391 80
1722767076076 0.5952755808830261 81
1722767076088 0.5992841720581055 82
1722767076088 0.5971367359161377 83
1722767076088 0.5895490050315857 84
1722767076103 0.5929849743843079 85
1722767076103 0.5954187512397766 86
1722767076103 0.5922691226005554 87
1722767076103 0.5916965007781982 88
1722767076120 0.6078740358352661 89
1722767076120 0.5974230766296387 90
1722767076120 0.6083034873008728 91
1722767076137 0.6091625094413757 92
1722767076137 0.6055833697319031 93
1722767076137 0.6124552488327026 94
1722767076137 0.6084466576576233 95
1722767076153 0.601431667804718 96
1722767076153 0.6137437224388123 97
1722767076153 0.6206156015396118 98
1722767076170 0.6104509830474854 99
1722767076170 0.6207587718963623 100
1722767076177 0.621760904788971 101
1722767076177 0.6200429201126099 102
1722767076187 0.6186113357543945 103
1722767076187 0.6158912181854248 104
1722767076187 0.6233357191085815 105
1722767076203 0.6240515112876892 106
1722767076203 0.6263421773910522 107
1722767076203 0.6280601024627686 108
1722767076203 0.6230493783950806 109
1722767076220 0.6272011399269104 110
1722767076220 0.6236220598220825 111
1722767076220 0.6363636255264282 112
1722767076237 0.6261990070343018 113
1722767076237 0.6294917464256287 114
1722767076237 0.6324982047080994 115
1722767076237 0.629062294960022 116
1722767076253 0.6221904158592224 117
1722767076253 0.6259126663208008 118
1722767076253 0.6183249950408936 119
1722767076270 0.6226199269294739 120
1722767076277 0.6313529014587402 121
1722767076277 0.6312097311019897 122
1722767076286 0.6297780871391296 123
1722767076288 0.6324982047080994 124
1722767076288 0.6319255828857422 125
1722767076288 0.6422333717346191 126
1722767076303 0.6385111212730408 127
1722767076303 0.629062294960022 128
1722767076303 0.6246241927146912 129
1722767076303 0.6339298486709595 130
1722767076320 0.6345025300979614 131
1722767076320 0.6466714143753052 132
1722767076320 0.6395132541656494 133
1722767076337 0.6363636255264282 134
1722767076337 0.6297780871391296 135
1722767076337 0.6367931365966797 136
1722767076353 0.6346456408500671 137
1722767076353 0.6453829407691956 138
1722767076353 0.6355046629905701 139
1722767076353 0.6438081860542297 140
1722767076370 0.6450966596603394 141
1722767076370 0.6432355046272278 142
1722767076377 0.6405153870582581 143
1722767076385 0.6526843309402466 144
1722767076388 0.6466714143753052 145
1722767076388 0.6482462286949158 146
1722767076388 0.6532569527626038 147
1722767076403 0.6448103189468384 148
1722767076403 0.6496778726577759 149
