1722767554041 10.407333374023438 0
1722767554047 2.816171884536743 1
1722767554053 2.4282169342041016 2
1722767554058 2.3447086811065674 3
1722767554063 2.3174421787261963 4
1722767554068 2.290163516998291 5
1722767554073 2.283020257949829 6
1722767554077 2.2659826278686523 7
1722767554082 2.256326913833618 8
1722767554087 2.252089738845825 9
1722767554091 2.248168468475342 10
1722767554097 2.239779233932495 11
1722767554102 2.2330920696258545 12
1722767554107 2.230225086212158 13
1722767554111 2.2283856868743896 14
1722767554115 2.2154102325439453 15
1722767554120 2.2021639347076416 16
1722767554126 2.1854922771453857 17
1722767554130 2.1718294620513916 18
1722767554136 2.1616897583007812 19
1722767554140 2.1383817195892334 20
1722767554145 2.117981433868408 21
1722767554150 2.0947468280792236 22
1722767554155 2.090256690979004 23
1722767554160 2.0659642219543457 24
1722767554164 2.0623414516448975 25
1722767554169 2.0393600463867188 26
1722767554173 2.026710033416748 27
1722767554178 2.0034730434417725 28
1722767554183 1.9818843603134155 29
1722767554188 1.9766490459442139 30
1722767554192 1.9453030824661255 31
1722767554197 1.9201455116271973 32
1722767554202 1.9060356616973877 33
1722767554206 1.8911311626434326 34
1722767554211 1.8480390310287476 35
1722767554216 1.8620531558990479 36
1722767554221 1.830222725868225 37
1722767554225 1.7828327417373657 38
1722767554230 1.7648651599884033 39
1722767554235 1.7295033931732178 40
1722767554240 1.7279127836227417 41
1722767554244 1.6800167560577393 42
1722767554249 1.6775263547897339 43
1722767554255 1.6416572332382202 44
1722767554259 1.6559733152389526 45
1722767554264 1.614099383354187 46
1722767554269 1.6030343770980835 47
1722767554274 1.5657684803009033 48
1722767554278 1.5921623706817627 49
1722767554283 1.5574098825454712 50
1722767554288 1.5481053590774536 51
1722767554293 1.5438177585601807 52
1722767554297 1.5232878923416138 53
1722767554302 1.5071734189987183 54
1722767554307 1.5017449855804443 55
1722767554311 1.4824063777923584 56
1722767554316 1.464464783668518 57
1722767554321 1.4943541288375854 58
1722767554326 1.4417232275009155 59
1722767554330 1.4468377828598022 60
1722767554335 1.4355930089950562 61
1722767554340 1.4446059465408325 62
1722767554345 1.4186444282531738 63
1722767554349 1.4150981903076172 64
1722767554354 1.3983161449432373 65
1722767554359 1.3890644311904907 66
1722767554364 1.3669356107711792 67
1722767554368 1.3556773662567139 68
1722767554373 1.3615994453430176 69
1722767554378 1.3472297191619873 70
1722767554382 1.3516124486923218 71
1722767554387 1.3369495868682861 72
1722767554392 1.3408516645431519 73
1722767554396 1.321007490158081 74
1722767554402 1.3117443323135376 75
1722767554406 1.3104541301727295 76
1722767554411 1.2945677042007446 77
1722767554415 1.2938339710235596 78
1722767554420 1.2964591979980469 79
1722767554425 1.3019654750823975 80
1722767554429 1.2756942510604858 81
1722767554434 1.2630068063735962 82
1722767554439 1.2677198648452759 83
1722767554444 1.261132001876831 84
1722767554448 1.2433046102523804 85
1722767554453 1.2459174394607544 86
1722767554458 1.2249687910079956 87
1722767554463 1.2471973896026611 88
1722767554468 1.2354674339294434 89
1722767554473 1.2136987447738647 90
1722767554477 1.2163255214691162 91
1722767554482 1.2160322666168213 92
1722767554487 1.205525279045105 93
1722767554492 1.2209266424179077 94
1722767554496 1.2213938236236572 95
1722767554501 1.2333593368530273 96
1722767554506 1.1867841482162476 97
1722767554510 1.190906286239624 98
1722767554515 1.2076401710510254 99
1722767554520 1.175450086593628 100
1722767554525 1.1888623237609863 101
1722767554530 1.167860507965088 102
1722767554535 1.1716302633285522 103
1722767554540 1.1714237928390503 104
1722767554544 1.173171877861023 105
1722767554549 1.1751747131347656 106
1722767554554 1.1896189451217651 107
1722767554558 1.170544981956482 108
1722767554563 1.172280192375183 109
1722767554568 1.158376693725586 110
1722767554572 1.1592425107955933 111
1722767554577 1.1353808641433716 112
1722767554582 1.1183744668960571 113
1722767554587 1.145372986793518 114
1722767554591 1.1481748819351196 115
1722767554596 1.1213856935501099 116
1722767554601 1.1366738080978394 117
1722767554606 1.126850962638855 118
1722767554610 1.1341755390167236 119
1722767554615 1.1303268671035767 120
1722767554620 1.1290924549102783 121
1722767554625 1.131333827972412 122
1722767554629 1.1415989398956299 123
1722767554634 1.1446499824523926 124
1722767554639 1.1003972291946411 125
1722767554643 1.094401240348816 126
1722767554648 1.1259738206863403 127
1722767554653 1.1184478998184204 128
1722767554657 1.0944807529449463 129
1722767554662 1.0905042886734009 130
1722767554667 1.1016217470169067 131
1722767554671 1.1008204221725464 132
1722767554676 1.0865871906280518 133
1722767554681 1.0927226543426514 134
1722767554686 1.0948792695999146 135
1722767554690 1.0851213932037354 136
1722767554695 1.094199299812317 137
1722767554700 1.0757896900177002 138
1722767554704 1.0719678401947021 139
1722767554709 1.0679609775543213 140
1722767554714 1.0487920045852661 141
1722767554719 1.0934771299362183 142
1722767554724 1.073245644569397 143
1722767554728 1.085848331451416 144
1722767554733 1.0950098037719727 145
1722767554738 1.0861587524414062 146
1722767554743 1.0888391733169556 147
1722767554748 1.0740797519683838 148
1722767554752 1.0676158666610718 149
1722767554757 1.0510010719299316 150
1722767554762 1.0739415884017944 151
1722767554767 1.0596675872802734 152
1722767554772 1.071762204170227 153
1722767554776 1.0485031604766846 154
1722767554781 1.0574028491973877 155
1722767554786 1.0770947933197021 156
1722767554791 1.0608577728271484 157
1722767554795 1.0447362661361694 158
1722767554800 1.0723459720611572 159
1722767554805 1.0808866024017334 160
1722767554810 1.0686018466949463 161
1722767554815 1.0582897663116455 162
1722767554820 1.059808373451233 163
1722767554824 1.0630711317062378 164
1722767554829 1.0498594045639038 165
1722767554834 1.030250072479248 166
1722767554839 1.0452581644058228 167
1722767554843 1.067175030708313 168
1722767554848 1.0480753183364868 169
1722767554853 1.0314104557037354 170
1722767554858 1.0605648756027222 171
1722767554862 1.0417020320892334 172
1722767554867 1.0421264171600342 173
1722767554873 1.0337932109832764 174
1722767554877 1.0479028224945068 175
1722767554882 1.03402578830719 176
1722767554887 1.0179520845413208 177
1722767554892 1.0398074388504028 178
1722767554896 1.034021019935608 179
1722767554901 1.0101161003112793 180
1722767554906 1.0534950494766235 181
1722767554910 1.0412333011627197 182
1722767554915 1.007943034172058 183
1722767554920 1.0152554512023926 184
1722767554925 1.04110848903656 185
1722767554929 1.0252312421798706 186
1722767554934 1.0161309242248535 187
1722767554951 1.022749662399292 188
1722767554955 1.0159717798233032 189
1722767554960 1.0233099460601807 190
1722767554964 1.0204381942749023 191
1722767554971 1.020720362663269 192
1722767554975 1.0179342031478882 193
1722767554980 1.0308701992034912 194
1722767554985 1.0302213430404663 195
1722767554990 1.0291321277618408 196
1722767554994 0.9973849058151245 197
1722767555000 1.0040373802185059 198
1722767555005 1.0269501209259033 199
