1722767554045 0.10866142064332962 0
1722767554051 0.11438797414302826 1
1722767554056 0.1297065168619156 2
1722767554060 0.1357194036245346 3
1722767554065 0.13299928605556488 4
1722767554070 0.13070866465568542 5
1722767554075 0.12426628172397614 6
1722767554080 0.13457408547401428 7
1722767554085 0.13543307781219482 8
1722767554089 0.1358625590801239 9
1722767554094 0.14144594967365265 10
1722767554099 0.1420186161994934 11
1722767554104 0.1453113853931427 12
1722767554109 0.15261274576187134 13
1722767554113 0.15690766274929047 14
1722767554118 0.16707229614257812 15
1722767554123 0.1753758043050766 16
1722767554128 0.19026485085487366 17
1722767554133 0.19513241946697235 18
1722767554138 0.1975662112236023 19
1722767554143 0.20586971938610077 20
1722767554147 0.21145310997962952 21
1722767554153 0.22233356535434723 22
1722767554157 0.2148890495300293 23
1722767554162 0.22390837967395782 24
1722767554167 0.22333571314811707 25
1722767554171 0.2416606992483139 26
1722767554176 0.23979957401752472 27
1722767554180 0.25010737776756287 28
1722767554185 0.25511810183525085 29
1722767554190 0.2529706656932831 30
1722767554194 0.2641374468803406 31
1722767554199 0.2720114588737488 32
1722767554204 0.27544739842414856 33
1722767554209 0.2887616455554962 34
1722767554213 0.29620614647865295 35
1722767554218 0.29463136196136475 36
1722767554223 0.3146742880344391 37
1722767554227 0.3395848274230957 38
1722767554232 0.34531137347221375 39
1722767554237 0.35161060094833374 40
1722767554242 0.35175377130508423 41
1722767554246 0.36549749970436096 42
1722767554252 0.3773801028728485 43
1722767554257 0.38768789172172546 44
1722767554261 0.3902648389339447 45
1722767554266 0.4025769531726837 46
1722767554272 0.40329277515411377 47
1722767554276 0.43221187591552734 48
1722767554281 0.4186113178730011 49
1722767554286 0.4327845275402069 50
1722767554290 0.4316392242908478 51
1722767554295 0.44609877467155457 52
1722767554299 0.4440944790840149 53
1722767554304 0.4522548317909241 54
1722767554309 0.4536864757537842 55
1722767554314 0.45855405926704407 56
1722767554319 0.4641374349594116 57
1722767554323 0.46227630972862244 58
1722767554328 0.4863278567790985 59
1722767554333 0.47931280732154846 60
1722767554338 0.4959198236465454 61
1722767554342 0.4853256940841675 62
1722767554347 0.4994989335536957 63
1722767554352 0.5063707828521729 64
1722767554357 0.5089477300643921 65
1722767554361 0.5073729157447815 66
1722767554366 0.5261273980140686 67
1722767554371 0.5284180641174316 68
1722767554375 0.5236936211585999 69
1722767554380 0.5329992771148682 70
1722767554385 0.5322834849357605 71
1722767554389 0.5400143265724182 72
1722767554394 0.547172486782074 73
1722767554399 0.5508947968482971 74
1722767554404 0.5440229177474976 75
1722767554408 0.549176812171936 76
1722767554413 0.5561918616294861 77
1722767554418 0.5530422329902649 78
1722767554423 0.559198260307312 79
1722767554427 0.5506084561347961 80
1722767554432 0.5606299042701721 81
1722767554437 0.5778095722198486 82
1722767554441 0.5686470866203308 83
1722767554446 0.57122403383255 84
1722767554451 0.57680743932724 85
1722767554456 0.5713672041893005 86
1722767554460 0.5811023712158203 87
1722767554465 0.5773801207542419 88
1722767554471 0.5855404734611511 89
1722767554475 0.5916965007781982 90
1722767554480 0.593557596206665 91
1722767554485 0.5925554633140564 92
1722767554489 0.5992841720581055 93
1722767554494 0.593843936920166 94
1722767554498 0.601145327091217 95
1722767554503 0.5922691226005554 96
1722767554508 0.6078740358352661 97
1722767554513 0.604151725769043 98
1722767554518 0.5955619215965271 99
1722767554523 0.6057265400886536 100
1722767554527 0.601145327091217 101
1722767554532 0.6075876951217651 102
1722767554537 0.6103078126907349 103
1722767554542 0.6087329983711243 104
1722767554546 0.6062992215156555 105
1722767554551 0.6118826270103455 106
1722767554556 0.6025769710540771 107
1722767554561 0.6048675775527954 108
1722767554565 0.6134573817253113 109
1722767554570 0.6105941534042358 110
1722767554575 0.6140300631523132 111
1722767554579 0.6229062080383301 112
1722767554585 0.6300644278526306 113
1722767554589 0.6183249950408936 114
1722767554594 0.6230493783950806 115
1722767554598 0.6375089287757874 116
1722767554603 0.6314960718154907 117
1722767554608 0.6272011399269104 118
1722767554613 0.6272011399269104 119
1722767554618 0.6339298486709595 120
1722767554622 0.6279169917106628 121
1722767554627 0.6294917464256287 122
1722767554631 0.6260558366775513 123
1722767554636 0.6267716288566589 124
1722767554641 0.6383679509162903 125
1722767554645 0.6422333717346191 126
1722767554650 0.6330708861351013 127
1722767554655 0.6360772848129272 128
1722767554660 0.6445239782333374 129
1722767554664 0.6475304365158081 130
1722767554669 0.6326413750648499 131
1722767554674 0.6360772848129272 132
1722767554678 0.6382247805595398 133
1722767554683 0.6472440958023071 134
1722767554688 0.6426628232002258 135
1722767554692 0.6495347023010254 136
1722767554697 0.6482462286949158 137
1722767554702 0.6498210430145264 138
1722767554707 0.6486757397651672 139
1722767554712 0.6539728045463562 140
1722767554717 0.6588403582572937 141
1722767554721 0.6462419629096985 142
1722767554726 0.6496778726577759 143
1722767554731 0.6522548198699951 144
1722767554736 0.6430923342704773 145
1722767554741 0.6456692814826965 146
1722767554745 0.6469577550888062 147
1722767554750 0.6489620804786682 148
1722767554755 0.656406581401825 149
1722767554760 0.6566929221153259 150
1722767554764 0.6525411605834961 151
1722767554770 0.6622763276100159 152
1722767554774 0.6491052508354187 153
1722767554779 0.6568360924720764 154
1722767554784 0.6582677364349365 155
1722767554788 0.6552612781524658 156
1722767554793 0.6651395559310913 157
1722767554797 0.6579813957214355 158
1722767554803 0.6518253684043884 159
1722767554807 0.6512526869773865 160
1722767554812 0.6452397704124451 161
1722767554817 0.6645669341087341 162
1722767554822 0.6571224331855774 163
1722767554827 0.656120240688324 164
1722767554831 0.6614173054695129 165
1722767554836 0.6701503396034241 166
1722767554841 0.6680028438568115 167
1722767554845 0.6635648012161255 168
1722767554851 0.6655690670013428 169
1722767554855 0.6667143702507019 170
1722767554860 0.6652827262878418 171
1722767554865 0.6598424911499023 172
1722767554871 0.6732999086380005 173
1722767554875 0.6665711998939514 174
1722767554880 0.6685755252838135 175
1722767554885 0.6701503396034241 176
1722767554889 0.6700071692466736 177
1722767554894 0.6728704571723938 178
1722767554898 0.6680028438568115 179
1722767554903 0.6704366207122803 180
1722767554908 0.6635648012161255 181
1722767554913 0.663707971572876 182
1722767554918 0.6770222187042236 183
1722767554923 0.6714388132095337 184
1722767554927 0.6707229614257812 185
1722767554932 0.6694344878196716 186
1722767554937 0.6728704571723938 187
1722767554953 0.6758768558502197 188
1722767554958 0.6717251539230347 189
1722767554962 0.6721546053886414 190
1722767554969 0.6702935099601746 191
1722767554973 0.6761631965637207 192
1722767554978 0.668432354927063 193
1722767554982 0.6721546053886414 194
1722767554988 0.6725841164588928 195
1722767554992 0.6821761131286621 196
1722767554997 0.6843235492706299 197
1722767555002 0.6790264844894409 198
1722767555007 0.6718682646751404 199
