1722767317767 5.401925086975098 0
1722767317767 2.3485267162323 1
1722767317783 2.2910571098327637 2
1722767317783 2.271496295928955 3
1722767317783 2.2697882652282715 4
1722767317800 2.2611169815063477 5
1722767317800 2.244790554046631 6
1722767317800 2.2078444957733154 7
1722767317817 2.161139726638794 8
1722767317817 2.1053292751312256 9
1722767317817 2.073336362838745 10
1722767317833 2.0246431827545166 11
1722767317837 1.951257586479187 12
1722767317837 1.8882931470870972 13
1722767317837 1.860663890838623 14
1722767317850 1.8104783296585083 15
1722767317850 1.7912085056304932 16
1722767317850 1.7423762083053589 17
1722767317867 1.7342427968978882 18
1722767317867 1.6890721321105957 19
1722767317867 1.6787075996398926 20
1722767317883 1.6287635564804077 21
1722767317883 1.6242388486862183 22
1722767317883 1.5793222188949585 23
1722767317899 1.5665048360824585 24
1722767317900 1.5640629529953003 25
1722767317900 1.5324175357818604 26
1722767317900 1.5170698165893555 27
1722767317917 1.514387845993042 28
1722767317917 1.4754270315170288 29
1722767317917 1.5082218647003174 30
1722767317933 1.4787486791610718 31
1722767317938 1.5027117729187012 32
1722767317938 1.4899137020111084 33
1722767317938 1.4848582744598389 34
1722767317950 1.468501329421997 35
1722767317950 1.447462797164917 36
1722767317950 1.4356275796890259 37
1722767317967 1.4630216360092163 38
1722767317967 1.4373914003372192 39
1722767317967 1.3973160982131958 40
1722767317983 1.4175132513046265 41
1722767317983 1.391423225402832 42
1722767317983 1.4106627702713013 43
1722767317983 1.3703581094741821 44
1722767318000 1.3767670392990112 45
1722767318000 1.3651241064071655 46
1722767318000 1.3723007440567017 47
1722767318017 1.3483375310897827 48
1722767318017 1.384760856628418 49
1722767318017 1.3617122173309326 50
1722767318032 1.3570843935012817 51
1722767318038 1.3612958192825317 52
1722767318038 1.3384417295455933 53
1722767318038 1.342258095741272 54
1722767318050 1.340117335319519 55
1722767318050 1.347793459892273 56
1722767318050 1.330175518989563 57
1722767318066 1.3468806743621826 58
1722767318066 1.2920122146606445 59
1722767318066 1.3254317045211792 60
1722767318082 1.3427081108093262 61
1722767318083 1.325731873512268 62
1722767318083 1.3097854852676392 63
1722767318083 1.3213496208190918 64
1722767318100 1.299601435661316 65
1722767318100 1.299078106880188 66
1722767318100 1.3221635818481445 67
1722767318116 1.3143385648727417 68
1722767318117 1.3200275897979736 69
1722767318117 1.299743413925171 70
1722767318117 1.2813327312469482 71
1722767318133 1.2986130714416504 72
1722767318138 1.2782500982284546 73
1722767318138 1.296351432800293 74
1722767318150 1.2744117975234985 75
1722767318150 1.282664179801941 76
1722767318150 1.2669023275375366 77
1722767318150 1.2932281494140625 78
1722767318166 1.2978006601333618 79
1722767318166 1.2573797702789307 80
1722767318166 1.2881516218185425 81
1722767318183 1.278043270111084 82
1722767318183 1.2926676273345947 83
1722767318183 1.2946354150772095 84
1722767318199 1.2213735580444336 85
1722767318200 1.2819157838821411 86
1722767318200 1.286513090133667 87
1722767318200 1.2759308815002441 88
1722767318216 1.2528700828552246 89
1722767318216 1.2806321382522583 90
1722767318216 1.2602218389511108 91
1722767318233 1.2975521087646484 92
1722767318238 1.2544655799865723 93
1722767318238 1.2689317464828491 94
1722767318238 1.28141450881958 95
1722767318250 1.2773343324661255 96
1722767318250 1.2470142841339111 97
1722767318250 1.2620601654052734 98
1722767318266 1.2525577545166016 99
1722767318266 1.2316806316375732 100
1722767318266 1.2654801607131958 101
1722767318266 1.2392696142196655 102
1722767318283 1.2715493440628052 103
1722767318283 1.2478612661361694 104
1722767318283 1.2704036235809326 105
1722767318300 1.2554409503936768 106
1722767318300 1.2404108047485352 107
1722767318300 1.244125485420227 108
1722767318315 1.2682300806045532 109
1722767318316 1.226934552192688 110
1722767318316 1.267608880996704 111
1722767318316 1.2190189361572266 112
1722767318333 1.249621033668518 113
1722767318337 1.261794090270996 114
1722767318337 1.2676856517791748 115
1722767318350 1.2391284704208374 116
1722767318350 1.268293857574463 117
1722767318350 1.26882803440094 118
1722767318350 1.2602595090866089 119
1722767318366 1.2291330099105835 120
1722767318366 1.2363229990005493 121
1722767318366 1.2476731538772583 122
1722767318383 1.2212743759155273 123
1722767318383 1.2593085765838623 124
1722767318383 1.2296019792556763 125
1722767318400 1.2116833925247192 126
1722767318400 1.249795913696289 127
1722767318400 1.2188197374343872 128
1722767318400 1.249303936958313 129
1722767318416 1.2498433589935303 130
1722767318416 1.2170737981796265 131
1722767318416 1.2368541955947876 132
1722767318433 1.208309531211853 133
1722767318437 1.1917455196380615 134
1722767318437 1.2417504787445068 135
1722767318437 1.2291162014007568 136
1722767318450 1.2367804050445557 137
1722767318450 1.2140311002731323 138
1722767318450 1.224919080734253 139
1722767318466 1.2487910985946655 140
1722767318466 1.1734957695007324 141
1722767318466 1.2315187454223633 142
1722767318466 1.19233238697052 143
1722767318483 1.2125897407531738 144
1722767318483 1.2054589986801147 145
1722767318483 1.2677855491638184 146
1722767318500 1.2134934663772583 147
1722767318500 1.2312308549880981 148
1722767318500 1.2183656692504883 149
