1722767317767 0.10651396214962006 0
1722767317783 0.1216893345117569 1
1722767317783 0.12541159987449646 2
1722767317783 0.1232641339302063 3
1722767317800 0.12140300869941711 4
1722767317800 0.13342878222465515 5
1722767317800 0.14717251062393188 6
1722767317800 0.17151038348674774 7
1722767317817 0.202433779835701 8
1722767317817 0.21088045835494995 9
1722767317817 0.2166070193052292 10
1722767317833 0.24552612006664276 11
1722767317837 0.2641374468803406 12
1722767317837 0.2889047861099243 13
1722767317850 0.31539011001586914 14
1722767317850 0.32942017912864685 15
1722767317850 0.3444524109363556 16
1722767317867 0.37695062160491943 17
1722767317867 0.3856835961341858 18
1722767317867 0.40071582794189453 19
1722767317882 0.4093056619167328 20
1722767317883 0.43049392104148865 21
1722767317883 0.4426628351211548 22
1722767317883 0.4531138241291046 23
1722767317900 0.45425912737846375 24
1722767317900 0.46642807126045227 25
1722767317900 0.4725840985774994 26
1722767317917 0.4806012809276581 27
1722767317917 0.480171799659729 28
1722767317917 0.49362921714782715 29
1722767317917 0.4883321523666382 30
1722767317933 0.4931997060775757 31
1722767317938 0.4916249215602875 32
1722767317938 0.4942018687725067 33
1722767317950 0.5000715851783752 34
1722767317950 0.5050823092460632 35
1722767317950 0.5141016244888306 36
1722767317950 0.5110952258110046 37
1722767317967 0.5112383961677551 38
1722767317967 0.5103793740272522 39
1722767317967 0.5302791595458984 40
1722767317983 0.526843249797821 41
1722767317983 0.5305655002593994 42
1722767317983 0.5282748937606812 43
1722767318000 0.5395848155021667 44
1722767318000 0.5355762243270874 45
1722767318000 0.5411596298217773 46
1722767318015 0.537151038646698 47
1722767318017 0.5511810779571533 48
1722767318017 0.5460271835327148 49
1722767318017 0.5392984747886658 50
1722767318034 0.5518969297409058 51
1722767318038 0.547172486782074 52
1722767318038 0.5518969297409058 53
1722767318050 0.5526127219200134 54
1722767318050 0.5546170473098755 55
1722767318050 0.5573371648788452 56
1722767318050 0.5551896691322327 57
1722767318066 0.5528990626335144 58
1722767318066 0.5695061087608337 59
1722767318066 0.5656406879425049 60
1722767318083 0.5504652857780457 61
1722767318083 0.5556191802024841 62
1722767318083 0.5624910593032837 63
1722767318099 0.5566213130950928 64
1722767318100 0.5666428208351135 65
1722767318100 0.5697923898696899 66
1722767318100 0.5652111768722534 67
1722767318117 0.5666428208351135 68
1722767318117 0.5637795329093933 69
1722767318117 0.564495325088501 70
1722767318133 0.5680744647979736 71
1722767318138 0.5699355602264404 72
1722767318138 0.5679312944412231 73
1722767318138 0.5697923898696899 74
1722767318150 0.5825340151786804 75
1722767318150 0.5762348175048828 76
1722767318150 0.5762348175048828 77
1722767318166 0.5760916471481323 78
1722767318166 0.5750894546508789 79
1722767318166 0.5858267545700073 80
1722767318182 0.5680744647979736 81
1722767318183 0.577093780040741 82
1722767318183 0.5792412161827087 83
1722767318183 0.5796707272529602 84
1722767318200 0.5977093577384949 85
1722767318200 0.5798138976097107 86
1722767318200 0.576521098613739 87
1722767318216 0.588833212852478 88
1722767318216 0.5871152281761169 89
1722767318216 0.5780959129333496 90
1722767318216 0.5902648568153381 91
1722767318233 0.5738009810447693 92
1722767318238 0.588546872138977 93
1722767318238 0.5909806489944458 94
1722767318250 0.5849677920341492 95
1722767318250 0.5868289470672607 96
1722767318250 0.5914101600646973 97
1722767318250 0.58382248878479 98
1722767318266 0.5865426063537598 99
1722767318266 0.5922691226005554 100
1722767318266 0.5826771855354309 101
1722767318283 0.5998568534851074 102
1722767318283 0.5922691226005554 103
1722767318283 0.5984252095222473 104
1722767318283 0.5875447392463684 105
1722767318300 0.6002863049507141 106
1722767318300 0.5861130952835083 107
1722767318300 0.601431667804718 108
1722767318316 0.5898353457450867 109
1722767318316 0.5984252095222473 110
1722767318316 0.5982820391654968 111
1722767318333 0.6022906303405762 112
1722767318337 0.5982820391654968 113
1722767318337 0.594416618347168 114
1722767318337 0.5898353457450867 115
1722767318350 0.5969935655593872 116
1722767318350 0.594702959060669 117
1722767318350 0.5871152281761169 118
1722767318366 0.5929849743843079 119
1722767318366 0.5977093577384949 120
1722767318366 0.599141001701355 121
1722767318383 0.6000000238418579 122
1722767318383 0.6051539182662964 123
1722767318383 0.5974230766296387 124
1722767318383 0.6025769710540771 125
1722767318400 0.6094487905502319 126
1722767318400 0.5977093577384949 127
1722767318400 0.6015747785568237 128
1722767318416 0.5965640544891357 129
1722767318416 0.601431667804718 130
1722767318416 0.6100214719772339 131
1722767318416 0.5967072248458862 132
1722767318433 0.610880434513092 133
1722767318437 0.6094487905502319 134
1722767318437 0.599427342414856 135
1722767318450 0.6095919609069824 136
1722767318450 0.6022906303405762 137
1722767318450 0.6097351312637329 138
1722767318450 0.6087329983711243 139
1722767318466 0.601431667804718 140
1722767318466 0.6194702982902527 141
1722767318466 0.6140300631523132 142
1722767318483 0.6163206696510315 143
1722767318483 0.6113099455833435 144
1722767318483 0.6203292608261108 145
1722767318483 0.596134603023529 146
1722767318500 0.6118826270103455 147
1722767318500 0.6118826270103455 148
1722767318500 0.6098783016204834 149
